264
351
395
515
633
823
867
889
901
1117
1140
1142
1148
1155
1170
1185
1198
1199
1229
1240
1260
1262
1264
1268
1282
1305
1311
1312
1325
1333
1337
1338
1341
1353
1363
1373
1374
1375
1387
1388
1395
1396
1397
1401
1402
1407
1408
1416
1419
1472
1478
1494
1515
1522
1543
1546
1561
1567
1568
1569
1572
1580
1587
1592
1593
1606
1608
1615
1622
1623
1636
1637
1642
1644
1651
1658
1659
1660
1661
1663
1664
1670
1673
1674
1675
1679
1683
1693
1699
1700
1703
1706
1708
1711
1712
1714
1715
1717
1720
1721
1728
1729
1736
1738
1741
1743
1745
1749
1751
1752
1755
1763
1764
1765
1771
1772
1776
1777
1779
1785
1788
1789
1790
1791
1792
1800
1803
1804
1805
1808
1811
1814
1815
1825
1827
1828
1830
1834
1838
1846
1847
1850
1852
1853
1854
1861
1865
1868
1870
1872
1873
1876
1877
1879
1882
1883
1894
1895
1897
1899
1900
1909
1913
1918
1919
1921
1923
1924
1926
1929
1932
1937
1938
1939
1942
1945
1949
1950
1955
1957
1960
1961
1966
1969
1970
1971
1979
1980
1982
1984
1985
1987
1988
1989
1999
2002
2003
2005
2007
2009
